# Wilkinson Microwave Anisotropy Probe (WMAP) 9-year data release.
# WMAP 9-Year Combined Power Spectrum, version 5.0 (December 2012)
#
# References: - WMAP Explanatory Supplement: http://lambda.gsfc.nasa.gov/
#             - Bennett, et al. (2012)
#             - Hinshaw, et al. (2012)
#
# Column 1 = multipole moment l
# Column 2 = BB power spectrum, units = uK^2, =  l(l+1)/2pi * C_l.
# Column 3 = 'Error' derived from diagonal terms of Fisher matrix, units = uK^2.
#             Included only as an estimate of their magnitude.  The
#             multipole moments are slightly coupled, so a correct
#             treatment of errors requires use of the entire Fisher matrix.
# Column 4 = portion of column3 error attributed to measurement errors,
#             in "2SN + NN" form, units = uK^2.
# Column 5 = portion of column3 error attributed to cosmic variance, 
#             assuming the best-fit LCDM model.  BB is only from gravitational
#             lensing of the EE spectrum.
           2        -0.0410         0.0238         0.0238         0.0000
           3         1.1244         0.0303         0.0303         0.0000
           4        -0.0577         0.0365         0.0365         0.0000
           5        -0.1991         0.0427         0.0427         0.0000
           6         0.0752         0.0492         0.0492         0.0000
           7         0.1638         0.0560         0.0560         0.0000
           8        -0.0081         0.0631         0.0631         0.0000
           9        -0.3821         0.0704         0.0704         0.0000
          10         0.0309         0.0779         0.0779         0.0000
          11         0.2697         0.0856         0.0856         0.0000
          12         0.0404         0.0936         0.0936         0.0000
          13         0.3365         0.1017         0.1017         0.0000
          14        -0.1300         0.1101         0.1101         0.0000
          15         0.0886         0.1187         0.1187         0.0000
          16         0.2959         0.1274         0.1274         0.0000
          17         0.2306         0.1364         0.1364         0.0000
          18         0.0350         0.1456         0.1456         0.0000
          19        -0.3820         0.1550         0.1550         0.0000
          20         0.5562         0.1646         0.1646         0.0000
          21        -0.2182         0.1744         0.1744         0.0000
          22        -0.2743         0.1844         0.1844         0.0000
          23         0.2707         0.1946         0.1946         0.0000
          24         0.2818         0.2050         0.2050         0.0000
          25        -0.1811         0.2155         0.2155         0.0000
          26         0.0832         0.2263         0.2263         0.0000
          27         0.4181         0.2373         0.2373         0.0000
          28        -0.0983         0.2484         0.2484         0.0000
          29         0.0346         0.2598         0.2598         0.0000
          30        -0.1096         0.2713         0.2713         0.0001
          31         1.3550         0.2831         0.2831         0.0001
          32         0.1618         0.2950         0.2950         0.0001
          33         1.2337         0.3071         0.3071         0.0001
          34        -0.4323         0.3194         0.3194         0.0001
          35         0.6160         0.3319         0.3319         0.0001
          36         0.3470         0.3446         0.3446         0.0001
          37        -0.0618         0.3575         0.3575         0.0001
          38        -0.3328         0.3706         0.3706         0.0001
          39         0.1671         0.3838         0.3838         0.0001
          40         0.0113         0.3973         0.3973         0.0001
          41         1.0006         0.4109         0.4109         0.0001
          42        -0.8883         0.4248         0.4248         0.0001
          43         0.3470         0.4388         0.4388         0.0001
          44         2.2432         0.4531         0.4531         0.0001
          45        -0.0147         0.4675         0.4675         0.0001
          46        -0.4513         0.4821         0.4821         0.0001
          47         0.4873         0.4970         0.4970         0.0001
          48         0.3501         0.5120         0.5120         0.0001
          49         0.8867         0.5272         0.5272         0.0001
          50        -0.4807         0.5426         0.5426         0.0001
          51         0.1417         0.5583         0.5583         0.0001
          52         0.6093         0.5741         0.5741         0.0001
          53        -0.4568         0.5901         0.5901         0.0001
          54        -0.8000         0.6064         0.6064         0.0001
          55        -0.7273         0.6228         0.6228         0.0001
          56         0.0653         0.6395         0.6395         0.0001
          57         0.3180         0.6563         0.6563         0.0001
          58        -1.4424         0.6734         0.6734         0.0001
          59         0.6008         0.6907         0.6907         0.0001
          60        -0.1672         0.7082         0.7082         0.0001
          61        -1.7263         0.7259         0.7259         0.0001
          62        -1.1849         0.7438         0.7438         0.0002
          63         0.2586         0.7619         0.7619         0.0002
          64         1.4152         0.7803         0.7803         0.0002
          65         2.8166         0.7988         0.7988         0.0002
          66        -1.2657         0.8176         0.8176         0.0002
          67        -0.3264         0.8367         0.8367         0.0002
          68        -1.4574         0.8559         0.8559         0.0002
          69         2.3061         0.8754         0.8754         0.0002
          70         0.7838         0.8951         0.8951         0.0002
          71        -1.9785         0.9150         0.9150         0.0002
          72        -1.8643         0.9352         0.9352         0.0002
          73        -0.7995         0.9556         0.9556         0.0002
          74         0.1461         0.9762         0.9762         0.0002
          75         1.9926         0.9971         0.9971         0.0002
          76        -0.0486         1.0182         1.0182         0.0002
          77        -0.2082         1.0395         1.0395         0.0002
          78         0.5777         1.0612         1.0612         0.0002
          79        -2.1421         1.0830         1.0830         0.0002
          80         0.5489         1.1051         1.1051         0.0002
          81        -0.6114         1.1274         1.1274         0.0002
          82        -2.0830         1.1500         1.1500         0.0002
          83        -2.4147         1.1729         1.1729         0.0002
          84         0.2986         1.1960         1.1960         0.0002
          85        -0.6591         1.2193         1.2193         0.0002
          86         1.0313         1.2430         1.2430         0.0003
          87         0.9305         1.2669         1.2669         0.0003
          88        -1.7246         1.2910         1.2910         0.0003
          89         2.0270         1.3154         1.3154         0.0003
          90         1.7462         1.3402         1.3402         0.0003
          91        -0.9355         1.3651         1.3651         0.0003
          92         0.0151         1.3904         1.3904         0.0003
          93         5.5736         1.4159         1.4159         0.0003
          94        -0.1058         1.4417         1.4417         0.0003
          95         0.6583         1.4679         1.4679         0.0003
          96        -1.1683         1.4942         1.4942         0.0003
          97        -2.5340         1.5209         1.5209         0.0003
          98         1.1238         1.5479         1.5479         0.0003
          99         0.7536         1.5752         1.5752         0.0003
         100         1.7423         1.6027         1.6027         0.0003
         101         1.9623         1.6306         1.6306         0.0003
         102        -1.5093         1.6588         1.6588         0.0003
         103         1.8848         1.6873         1.6873         0.0003
         104         1.2764         1.7160         1.7160         0.0003
         105         2.0978         1.7451         1.7451         0.0003
         106        -0.5517         1.7746         1.7746         0.0003
         107         2.7095         1.8043         1.8043         0.0004
         108         0.8797         1.8344         1.8344         0.0004
         109        -2.6970         1.8647         1.8647         0.0004
         110         0.5550         1.8955         1.8955         0.0004
         111         3.5086         1.9265         1.9265         0.0004
         112        -1.3505         1.9579         1.9579         0.0004
         113        -0.9854         1.9896         1.9896         0.0004
         114        -3.0553         2.0216         2.0216         0.0004
         115        -0.0506         2.0540         2.0540         0.0004
         116        -3.4281         2.0868         2.0868         0.0004
         117         3.7818         2.1199         2.1199         0.0004
         118         2.4898         2.1533         2.1533         0.0004
         119        -0.4212         2.1871         2.1871         0.0004
         120         0.7755         2.2212         2.2212         0.0004
         121         4.0928         2.2557         2.2557         0.0004
         122         0.8293         2.2906         2.2906         0.0004
         123        -0.6432         2.3259         2.3259         0.0004
         124         5.3871         2.3615         2.3615         0.0004
         125        -0.0367         2.3975         2.3975         0.0004
         126        -1.6059         2.4338         2.4338         0.0005
         127        -0.6594         2.4706         2.4706         0.0005
         128         3.7069         2.5077         2.5077         0.0005
         129         5.3827         2.5452         2.5452         0.0005
         130         6.4406         2.5832         2.5832         0.0005
         131        -2.5977         2.6215         2.6215         0.0005
         132        -6.1538         2.6602         2.6602         0.0005
         133         7.6763         2.6993         2.6993         0.0005
         134         0.0920         2.7388         2.7388         0.0005
         135        -2.1028         2.7787         2.7787         0.0005
         136        -1.8317         2.8191         2.8191         0.0005
         137        -5.1476         2.8598         2.8598         0.0005
         138        -0.5051         2.9010         2.9010         0.0005
         139        -7.3272         2.9426         2.9426         0.0005
         140         1.2946         2.9846         2.9846         0.0005
         141         9.3912         3.0271         3.0271         0.0005
         142         3.1576         3.0700         3.0700         0.0006
         143        -4.6174         3.1133         3.1133         0.0006
         144        -4.8276         3.1571         3.1571         0.0006
         145        -2.2043         3.2013         3.2013         0.0006
         146        -3.2911         3.2460         3.2460         0.0006
         147        -5.9717         3.2912         3.2912         0.0006
         148         2.0333         3.3368         3.3368         0.0006
         149        -3.7383         3.3828         3.3828         0.0006
         150        -7.0451         3.4293         3.4293         0.0006
         151        -3.6728         3.4763         3.4763         0.0006
         152        -6.5800         3.5238         3.5238         0.0006
         153         2.2471         3.5718         3.5718         0.0006
         154        -4.8853         3.6202         3.6202         0.0006
         155         1.4673         3.6691         3.6691         0.0006
         156         1.2806         3.7186         3.7186         0.0006
         157         0.4605         3.7685         3.7685         0.0007
         158         2.0986         3.8189         3.8189         0.0007
         159         2.9099         3.8698         3.8698         0.0007
         160         0.5509         3.9213         3.9213         0.0007
         161        -4.8927         3.9733         3.9733         0.0007
         162        -6.8892         4.0257         4.0257         0.0007
         163        -6.6374         4.0788         4.0788         0.0007
         164         2.7018         4.1323         4.1323         0.0007
         165        -0.1851         4.1864         4.1864         0.0007
         166        -1.1223         4.2410         4.2410         0.0007
         167         3.5015         4.2962         4.2962         0.0007
         168        -8.0102         4.3519         4.3519         0.0007
         169         7.6748         4.4082         4.4082         0.0007
         170        -1.2408         4.4650         4.4650         0.0008
         171        -5.6083         4.5224         4.5224         0.0008
         172         4.6366         4.5804         4.5804         0.0008
         173        -7.1525         4.6391         4.6391         0.0008
         174        -6.9228         4.6982         4.6982         0.0008
         175         1.4034         4.7579         4.7579         0.0008
         176        13.8860         4.8183         4.8183         0.0008
         177        -4.6959         4.8792         4.8792         0.0008
         178         1.4207         4.9408         4.9408         0.0008
         179        -4.8093         5.0029         5.0029         0.0008
         180        -5.0983         5.0657         5.0657         0.0008
         181        -5.8737         5.1291         5.1291         0.0008
         182         5.1968         5.1932         5.1932         0.0009
         183         4.5570         5.2580         5.2580         0.0009
         184         4.0480         5.3233         5.3233         0.0009
         185        -3.4025         5.3892         5.3892         0.0009
         186        -1.9939         5.4558         5.4558         0.0009
         187         2.8990         5.5233         5.5233         0.0009
         188         7.8674         5.5913         5.5913         0.0009
         189         3.7071         5.6599         5.6599         0.0009
         190         1.5507         5.7293         5.7293         0.0009
         191       -11.4945         5.7994         5.7994         0.0009
         192         6.5681         5.8702         5.8702         0.0009
         193         3.7072         5.9417         5.9417         0.0009
         194         1.1138         6.0139         6.0139         0.0010
         195        -7.4919         6.0868         6.0868         0.0010
         196        -8.2341         6.1604         6.1604         0.0010
         197        -4.8053         6.2348         6.2348         0.0010
         198         9.6848         6.3100         6.3100         0.0010
         199         1.4769         6.3859         6.3859         0.0010
         200         6.1944         6.4625         6.4625         0.0010
         201        20.3805         6.5401         6.5401         0.0010
         202         9.2313         6.6182         6.6182         0.0010
         203        -4.6108         6.6973         6.6973         0.0010
         204         9.8908         6.7772         6.7772         0.0010
         205        13.2927         6.8578         6.8578         0.0011
         206         6.9295         6.9391         6.9391         0.0011
         207        -2.4052         7.0216         7.0216         0.0011
         208        -1.9257         7.1047         7.1047         0.0011
         209         3.5388         7.1885         7.1885         0.0011
         210       -10.9204         7.2733         7.2733         0.0011
         211         4.1887         7.3590         7.3590         0.0011
         212         5.4204         7.4455         7.4455         0.0011
         213        -1.6442         7.5330         7.5330         0.0011
         214        -0.8689         7.6212         7.6212         0.0011
         215        11.8732         7.7105         7.7105         0.0011
         216         2.8931         7.8006         7.8006         0.0012
         217        -9.2731         7.8914         7.8914         0.0012
         218         1.6020         7.9835         7.9835         0.0012
         219         5.8049         8.0762         8.0762         0.0012
         220        -1.0020         8.1700         8.1700         0.0012
         221        -6.1020         8.2648         8.2648         0.0012
         222       -12.4532         8.3604         8.3604         0.0012
         223        -9.0653         8.4572         8.4572         0.0012
         224        -1.5073         8.5548         8.5548         0.0012
         225        -7.8583         8.6535         8.6535         0.0012
         226         2.0478         8.7531         8.7531         0.0012
         227        -2.7489         8.8537         8.8537         0.0013
         228       -10.1357         8.9553         8.9553         0.0013
         229       -16.6998         9.0579         9.0579         0.0013
         230        16.9655         9.1616         9.1616         0.0013
         231        -0.4010         9.2662         9.2662         0.0013
         232       -21.9633         9.3721         9.3721         0.0013
         233        -3.2896         9.4788         9.4788         0.0013
         234        -6.1461         9.5867         9.5867         0.0013
         235        10.3837         9.6956         9.6956         0.0013
         236        15.7512         9.8055         9.8055         0.0013
         237        24.6324         9.9168         9.9168         0.0014
         238       -11.4306        10.0288        10.0288         0.0014
         239        17.8455        10.1421        10.1421         0.0014
         240        21.7718        10.2566        10.2566         0.0014
         241         6.4773        10.3721        10.3721         0.0014
         242       -16.5304        10.4888        10.4888         0.0014
         243       -19.2781        10.6065        10.6065         0.0014
         244       -18.0643        10.7255        10.7255         0.0014
         245       -24.6552        10.8457        10.8457         0.0014
         246         2.5833        10.9670        10.9670         0.0014
         247         7.9696        11.0893        11.0893         0.0014
         248        -4.3747        11.2131        11.2131         0.0015
         249        15.3245        11.3378        11.3378         0.0015
         250       -24.6439        11.4639        11.4639         0.0015
         251        -0.7760        11.5911        11.5911         0.0015
         252       -11.2585        11.7195        11.7195         0.0015
         253         0.1115        11.8494        11.8494         0.0015
         254        -5.1934        11.9802        11.9802         0.0015
         255       -14.3397        12.1124        12.1124         0.0015
         256        13.8338        12.2458        12.2458         0.0015
         257        12.0448        12.3805        12.3805         0.0015
         258         5.1772        12.5165        12.5165         0.0015
         259        19.3216        12.6538        12.6538         0.0015
         260        11.2278        12.7923        12.7923         0.0016
         261        -9.0377        12.9321        12.9321         0.0016
         262        11.2767        13.0733        13.0733         0.0016
         263        31.7555        13.2159        13.2159         0.0016
         264       -30.1469        13.3598        13.3598         0.0016
         265        -7.8683        13.5050        13.5050         0.0016
         266         5.0374        13.6517        13.6517         0.0016
         267       -22.0776        13.7996        13.7996         0.0016
         268        -9.7272        13.9489        13.9489         0.0016
         269       -17.4021        14.0997        14.0997         0.0016
         270         8.6052        14.2518        14.2518         0.0016
         271       -18.8915        14.4055        14.4055         0.0016
         272        -8.7108        14.5604        14.5604         0.0017
         273       -16.0572        14.7170        14.7170         0.0017
         274       -14.4090        14.8749        14.8749         0.0017
         275        20.5420        15.0343        15.0343         0.0017
         276        21.3910        15.1953        15.1953         0.0017
         277        -6.3658        15.3578        15.3578         0.0017
         278       -22.8061        15.5218        15.5218         0.0017
         279         2.4111        15.6872        15.6872         0.0017
         280       -21.9868        15.8542        15.8542         0.0017
         281       -33.1048        16.0228        16.0228         0.0017
         282         9.9148        16.1930        16.1930         0.0017
         283        13.4045        16.3648        16.3648         0.0017
         284        -5.2173        16.5383        16.5383         0.0017
         285       -35.0598        16.7134        16.7134         0.0018
         286        31.8347        16.8900        16.8900         0.0018
         287         5.4195        17.0684        17.0684         0.0018
         288        22.9660        17.2485        17.2485         0.0018
         289        -0.5893        17.4304        17.4304         0.0018
         290        38.6033        17.6137        17.6137         0.0018
         291        28.5365        17.7989        17.7989         0.0018
         292        43.8078        17.9858        17.9858         0.0018
         293       -33.7649        18.1745        18.1745         0.0018
         294         8.4253        18.3652        18.3652         0.0018
         295        10.8321        18.5574        18.5574         0.0018
         296        23.3192        18.7515        18.7515         0.0018
         297        27.7157        18.9476        18.9476         0.0018
         298       -14.8216        19.1454        19.1454         0.0018
         299       -25.5971        19.3451        19.3451         0.0019
         300       -33.5434        19.5467        19.5467         0.0019
         301        31.9561        19.7501        19.7501         0.0019
         302       -14.0784        19.9556        19.9556         0.0019
         303        -8.3307        20.1630        20.1630         0.0019
         304         0.7518        20.3723        20.3723         0.0019
         305        17.0040        20.5837        20.5837         0.0019
         306       -14.2569        20.7972        20.7972         0.0019
         307       -15.4874        21.0126        21.0126         0.0019
         308        15.1448        21.2301        21.2301         0.0019
         309        -6.0977        21.4497        21.4497         0.0019
         310       -30.3729        21.6712        21.6712         0.0019
         311       -33.8601        21.8950        21.8950         0.0019
         312       -31.2349        22.1206        22.1206         0.0019
         313        19.8052        22.3487        22.3487         0.0019
         314        43.1489        22.5789        22.5789         0.0019
         315        35.5588        22.8112        22.8112         0.0019
         316       -97.3295        23.0458        23.0457         0.0020
         317        61.8670        23.2825        23.2825         0.0020
         318        19.5247        23.5214        23.5214         0.0020
         319       -19.7468        23.7626        23.7626         0.0020
         320       -23.7654        24.0060        24.0060         0.0020
         321        57.2019        24.2517        24.2517         0.0020
         322        -1.7100        24.5001        24.5001         0.0020
         323         5.9851        24.7503        24.7503         0.0020
         324        10.3752        25.0031        25.0031         0.0020
         325        13.1775        25.2583        25.2583         0.0020
         326        74.3079        25.5158        25.5158         0.0020
         327        31.4793        25.7757        25.7757         0.0020
         328       -66.1655        26.0380        26.0380         0.0020
         329        36.7734        26.3030        26.3030         0.0020
         330         5.4729        26.5702        26.5702         0.0020
         331       -78.0938        26.8398        26.8398         0.0020
         332        14.9276        27.1120        27.1120         0.0020
         333       111.1996        27.3869        27.3869         0.0020
         334        22.2646        27.6642        27.6642         0.0020
         335        16.3264        27.9440        27.9440         0.0020
         336       -46.2681        28.2266        28.2266         0.0021
         337         8.0230        28.5117        28.5117         0.0021
         338        -1.3284        28.7992        28.7992         0.0021
         339        13.1210        29.0896        29.0896         0.0021
         340       -55.4867        29.3824        29.3824         0.0021
         341       -43.2628        29.6780        29.6780         0.0021
         342        10.9163        29.9764        29.9764         0.0021
         343        33.2573        30.2776        30.2776         0.0021
         344       -54.9090        30.5814        30.5814         0.0021
         345       -43.7138        30.8880        30.8880         0.0021
         346        13.9899        31.1972        31.1972         0.0021
         347        -4.9435        31.5096        31.5096         0.0021
         348        57.9315        31.8242        31.8242         0.0021
         349        32.1299        32.1423        32.1423         0.0021
         350       -51.9295        32.4628        32.4628         0.0021
         351       -88.3481        32.7864        32.7864         0.0021
         352         0.5931        33.1128        33.1128         0.0021
         353        13.4518        33.4424        33.4424         0.0021
         354       -24.8433        33.7747        33.7747         0.0021
         355       -33.3161        34.1100        34.1100         0.0021
         356       -18.2419        34.4485        34.4485         0.0021
         357        54.8990        34.7902        34.7902         0.0021
         358        -2.5701        35.1346        35.1346         0.0021
         359        27.5140        35.4821        35.4821         0.0022
         360       -44.7723        35.8328        35.8328         0.0022
         361        19.1676        36.1864        36.1864         0.0022
         362         2.9037        36.5431        36.5431         0.0022
         363        44.2765        36.9036        36.9036         0.0022
         364       -82.4497        37.2667        37.2667         0.0022
         365        61.1009        37.6332        37.6332         0.0022
         366        97.6724        38.0030        38.0030         0.0022
         367       109.2556        38.3761        38.3761         0.0022
         368        -0.9521        38.7524        38.7524         0.0022
         369        -8.0957        39.1319        39.1319         0.0022
         370       -33.5115        39.5148        39.5148         0.0022
         371       -17.6759        39.9010        39.9010         0.0022
         372        66.4537        40.2908        40.2908         0.0022
         373       101.4690        40.6837        40.6837         0.0022
         374        41.8897        41.0806        41.0806         0.0022
         375        56.7421        41.4808        41.4808         0.0022
         376       -58.1520        41.8843        41.8843         0.0022
         377       -37.3342        42.2911        42.2911         0.0022
         378        49.6380        42.7019        42.7019         0.0022
         379        76.4200        43.1158        43.1158         0.0022
         380         9.6972        43.5334        43.5334         0.0022
         381       -21.4161        43.9544        43.9544         0.0022
         382        51.1455        44.3800        44.3800         0.0022
         383        10.8321        44.8090        44.8090         0.0023
         384         9.0842        45.2409        45.2409         0.0023
         385        16.9407        45.6767        45.6767         0.0023
         386        17.1750        46.1172        46.1172         0.0023
         387       -25.6781        46.5602        46.5602         0.0023
         388       -82.7012        47.0077        47.0077         0.0023
         389       -15.0383        47.4587        47.4587         0.0023
         390        16.8551        47.9134        47.9134         0.0023
         391        26.2023        48.3721        48.3721         0.0023
         392        48.6386        48.8351        48.8351         0.0023
         393         4.7216        49.3023        49.3023         0.0023
         394        -2.8630        49.7727        49.7727         0.0023
         395        33.5426        50.2480        50.2480         0.0023
         396       -35.9223        50.7261        50.7261         0.0023
         397        14.4932        51.2089        51.2089         0.0023
         398       -62.8962        51.6958        51.6958         0.0023
         399       165.3665        52.1861        52.1861         0.0023
         400       152.7160        52.6807        52.6807         0.0023
         401       -32.9932        53.1803        53.1803         0.0023
         402        -4.6363        53.6839        53.6839         0.0023
         403        60.6357        54.1914        54.1914         0.0023
         404       150.6176        54.7034        54.7034         0.0023
         405       -43.4745        55.2190        55.2190         0.0024
         406      -121.4697        55.7390        55.7390         0.0024
         407       -20.6430        56.2632        56.2632         0.0024
         408        53.7580        56.7923        56.7923         0.0024
         409       -31.4984        57.3271        57.3271         0.0024
         410       -71.5376        57.8645        57.8645         0.0024
         411       143.7604        58.4072        58.4072         0.0024
         412       -91.5579        58.9531        58.9531         0.0024
         413       -30.0747        59.5042        59.5042         0.0024
         414       213.9952        60.0615        60.0615         0.0024
         415        35.4930        60.6213        60.6213         0.0024
         416      -111.5402        61.1871        61.1871         0.0024
         417       104.0460        61.7559        61.7559         0.0024
         418       -93.7822        62.3305        62.3305         0.0024
         419        65.8269        62.9108        62.9108         0.0024
         420       -86.9665        63.4942        63.4942         0.0024
         421       -19.3131        64.0827        64.0827         0.0024
         422       109.7156        64.6783        64.6783         0.0024
         423       -26.5459        65.2767        65.2767         0.0024
         424        52.5737        65.8803        65.8803         0.0025
         425       -43.8017        66.4896        66.4896         0.0025
         426        33.9154        67.1036        67.1036         0.0025
         427        49.9666        67.7222        67.7222         0.0025
         428      -178.0183        68.3450        68.3450         0.0025
         429       -22.0184        68.9746        68.9746         0.0025
         430       -70.2704        69.6088        69.6088         0.0025
         431        19.7700        70.2489        70.2489         0.0025
         432       -85.7155        70.8945        70.8945         0.0025
         433        -7.5987        71.5446        71.5446         0.0025
         434        70.9460        72.2006        72.2006         0.0025
         435      -207.6781        72.8622        72.8622         0.0025
         436      -145.6880        73.5286        73.5286         0.0025
         437        53.2306        74.2012        74.2012         0.0025
         438        53.6200        74.8802        74.8802         0.0025
         439        55.1908        75.5631        75.5631         0.0025
         440        62.8653        76.2516        76.2516         0.0026
         441        82.0764        76.9477        76.9477         0.0026
         442        12.4491        77.6476        77.6476         0.0026
         443       114.3315        78.3556        78.3556         0.0026
         444       -38.5547        79.0676        79.0676         0.0026
         445       195.4154        79.7854        79.7854         0.0026
         446        96.3435        80.5106        80.5106         0.0026
         447       164.8461        81.2400        81.2400         0.0026
         448      -100.4185        81.9782        81.9782         0.0026
         449      -151.7361        82.7199        82.7199         0.0026
         450         0.7913        83.4696        83.4696         0.0026
         451       -31.2201        84.2251        84.2251         0.0026
         452       150.6792        84.9863        84.9863         0.0026
         453       195.8773        85.7536        85.7536         0.0026
         454      -168.2749        86.5301        86.5301         0.0026
         455        40.7090        87.3087        87.3087         0.0027
         456        77.1351        88.0965        88.0965         0.0027
         457      -162.6611        88.8917        88.8917         0.0027
         458      -112.1646        89.6916        89.6916         0.0027
         459       -45.8453        90.4993        90.4993         0.0027
         460       100.3934        91.3129        91.3129         0.0027
         461       -66.7154        92.1332        92.1332         0.0027
         462        50.0273        92.9603        92.9603         0.0027
         463       -15.4227        93.7954        93.7954         0.0027
         464       149.3914        94.6359        94.6359         0.0027
         465      -129.1733        95.4827        95.4827         0.0027
         466       332.4027        96.3390        96.3390         0.0027
         467        45.5292        97.2012        97.2012         0.0027
         468       -38.9909        98.0704        98.0704         0.0028
         469        59.0424        98.9470        98.9470         0.0028
         470      -117.7664        99.8296        99.8296         0.0028
         471       115.9705       100.7200       100.7200         0.0028
         472        20.7504       101.6189       101.6189         0.0028
         473       -23.7044       102.5234       102.5234         0.0028
         474       -32.5909       103.4354       103.4354         0.0028
         475        25.7699       104.3577       104.3577         0.0028
         476        50.6925       105.2844       105.2844         0.0028
         477        36.1254       106.2190       106.2190         0.0028
         478        18.3129       107.1630       107.1630         0.0028
         479       103.4692       108.1133       108.1133         0.0028
         480      -251.6234       109.0698       109.0698         0.0028
         481       103.8102       110.0364       110.0364         0.0029
         482       -25.9734       111.0093       111.0093         0.0029
         483       143.7134       111.9917       111.9917         0.0029
         484        90.9263       112.9816       112.9816         0.0029
         485      -143.8736       113.9784       113.9784         0.0029
         486       -52.4551       114.9839       114.9839         0.0029
         487       267.2206       115.9975       115.9975         0.0029
         488       -89.0194       117.0183       117.0183         0.0029
         489        31.9876       118.0482       118.0482         0.0029
         490      -145.8958       119.0856       119.0856         0.0029
         491       133.4741       120.1313       120.1313         0.0029
         492        25.5983       121.1868       121.1868         0.0029
         493      -218.6813       122.2490       122.2490         0.0029
         494       -44.2346       123.3198       123.3198         0.0030
         495       -80.8239       124.4004       124.4004         0.0030
         496        34.0392       125.4886       125.4886         0.0030
         497        63.7051       126.5853       126.5853         0.0030
         498      -311.5679       127.6894       127.6894         0.0030
         499        -0.9303       128.8051       128.8051         0.0030
         500      -187.6089       129.9265       129.9265         0.0030
         501       -12.7470       131.0581       131.0581         0.0030
         502        47.6357       132.1986       132.1986         0.0030
         503        70.6157       133.3506       133.3506         0.0030
         504        41.9121       134.5072       134.5072         0.0030
         505       379.8721       135.6765       135.6765         0.0030
         506       172.3563       136.8518       136.8518         0.0031
         507       416.6170       138.0379       138.0379         0.0031
         508        47.3555       139.2313       139.2313         0.0031
         509      -444.9358       140.4362       140.4362         0.0031
         510       -12.7223       141.6470       141.6470         0.0031
         511        32.8590       142.8722       142.8722         0.0031
         512      -246.9553       144.1020       144.1020         0.0031
         513       -45.7059       145.3435       145.3435         0.0031
         514       -12.5273       146.5935       146.5935         0.0031
         515        46.8722       147.8561       147.8561         0.0031
         516       -22.7813       149.1249       149.1249         0.0031
         517       -26.1550       150.4047       150.4047         0.0031
         518         7.7095       151.6941       151.6941         0.0031
         519      -112.9867       152.9916       152.9916         0.0031
         520       422.8401       154.3009       154.3009         0.0032
         521      -146.7610       155.6182       155.6182         0.0032
         522       178.9485       156.9454       156.9454         0.0032
         523       -41.6461       158.2849       158.2849         0.0032
         524      -198.5669       159.6335       159.6335         0.0032
         525       -75.0667       160.9894       160.9894         0.0032
         526       183.1734       162.3589       162.3589         0.0032
         527        18.8365       163.7363       163.7363         0.0032
         528       -65.1980       165.1266       165.1266         0.0032
         529       135.8145       166.5254       166.5254         0.0032
         530       -67.8918       167.9325       167.9325         0.0032
         531        46.6989       169.3529       169.3529         0.0032
         532      -197.6960       170.7807       170.7807         0.0032
         533      -303.2776       172.2197       172.2197         0.0032
         534      -124.1393       173.6687       173.6687         0.0032
         535       193.3230       175.1315       175.1315         0.0033
         536       128.1392       176.6022       176.6022         0.0033
         537      -256.8834       178.0837       178.0837         0.0033
         538       400.7288       179.5756       179.5756         0.0033
         539       -43.6054       181.0775       181.0775         0.0033
         540       158.0605       182.5908       182.5908         0.0033
         541      -393.8675       184.1153       184.1153         0.0033
         542        -7.4768       185.6500       185.6500         0.0033
         543       -87.7029       187.1942       187.1942         0.0033
         544       366.3614       188.7522       188.7522         0.0033
         545      -169.5653       190.3207       190.3207         0.0033
         546      -207.4329       191.8992       191.8992         0.0033
         547      -321.1107       193.4868       193.4868         0.0033
         548      -487.4983       195.0875       195.0875         0.0033
         549       301.8700       196.7001       196.7001         0.0033
         550        16.4734       198.3226       198.3226         0.0033
         551       -42.0186       199.9567       199.9567         0.0033
         552       -43.2246       201.6037       201.6037         0.0034
         553       413.0089       203.2598       203.2598         0.0034
         554      -223.2851       204.9297       204.9297         0.0034
         555       -50.4453       206.6103       206.6103         0.0034
         556       472.1082       208.3017       208.3017         0.0034
         557       101.2940       210.0059       210.0059         0.0034
         558      -133.1774       211.7220       211.7220         0.0034
         559        23.5722       213.4510       213.4510         0.0034
         560       199.8439       215.1896       215.1896         0.0034
         561       -41.8856       216.9415       216.9415         0.0034
         562       340.3582       218.7056       218.7056         0.0034
         563       313.0451       220.4832       220.4832         0.0034
         564      -184.6075       222.2714       222.2714         0.0034
         565        50.8334       224.0745       224.0745         0.0034
         566       418.2922       225.8871       225.8871         0.0034
         567        -7.7155       227.7137       227.7137         0.0034
         568      -171.2156       229.5531       229.5531         0.0034
         569      -413.6699       231.4056       231.4056         0.0034
         570       114.1460       233.2721       233.2721         0.0034
         571      -148.4613       235.1523       235.1523         0.0034
         572      -229.5950       237.0448       237.0448         0.0034
         573       276.0860       238.9513       238.9513         0.0034
         574      -168.2765       240.8673       240.8673         0.0034
         575      -405.5525       242.8017       242.8017         0.0035
         576      -219.1985       244.7485       244.7485         0.0035
         577       292.5372       246.7110       246.7110         0.0035
         578       -20.0676       248.6862       248.6862         0.0035
         579      -153.9593       250.6759       250.6759         0.0035
         580      -589.2177       252.6790       252.6790         0.0035
         581       -51.4646       254.6991       254.6991         0.0035
         582        22.7716       256.7294       256.7294         0.0035
         583       108.2521       258.7793       258.7793         0.0035
         584       340.6330       260.8448       260.8448         0.0035
         585       198.1731       262.9205       262.9205         0.0035
         586      -529.5702       265.0147       265.0147         0.0035
         587      -259.1052       267.1239       267.1239         0.0035
         588       -87.0661       269.2464       269.2464         0.0035
         589       177.2340       271.3883       271.3883         0.0035
         590        30.5775       273.5427       273.5427         0.0035
         591      -138.5305       275.7140       275.7140         0.0035
         592      -163.3634       277.9052       277.9052         0.0035
         593        15.3731       280.1068       280.1068         0.0035
         594      -251.5750       282.3283       282.3283         0.0035
         595       441.5059       284.5661       284.5661         0.0035
         596       282.8186       286.8211       286.8211         0.0035
         597      -360.1747       289.0923       289.0923         0.0035
         598      -532.7233       291.3794       291.3794         0.0035
         599      -194.9800       293.6847       293.6847         0.0035
         600       -14.1388       296.0079       296.0079         0.0035
         601      -122.3702       298.3467       298.3467         0.0035
         602      -673.5110       300.7055       300.7055         0.0035
         603      -558.6826       303.0815       303.0815         0.0035
         604       948.0436       305.4731       305.4731         0.0035
         605        91.6810       307.8831       307.8831         0.0035
         606        -2.7081       310.3119       310.3119         0.0035
         607       272.7013       312.7605       312.7605         0.0035
         608       265.0978       315.2274       315.2274         0.0035
         609       548.9373       317.7109       317.7109         0.0035
         610      -215.1740       320.2145       320.2145         0.0035
         611      -956.7766       322.7360       322.7360         0.0035
         612      -182.9461       325.2762       325.2762         0.0035
         613      -206.4308       327.8361       327.8361         0.0035
         614      -400.4474       330.4160       330.4160         0.0035
         615       106.1886       333.0150       333.0150         0.0035
         616       185.6098       335.6312       335.6312         0.0035
         617        96.7742       338.2688       338.2688         0.0035
         618       102.8420       340.9264       340.9264         0.0035
         619      -319.9855       343.6028       343.6028         0.0035
         620      -338.8878       346.3006       346.3006         0.0035
         621       288.7237       349.0175       349.0175         0.0035
         622      -393.2715       351.7529       351.7529         0.0035
         623      -234.2680       354.5124       354.5124         0.0035
         624         7.7530       357.2887       357.2887         0.0035
         625       225.8825       360.0860       360.0860         0.0035
         626       371.9947       362.9085       362.9085         0.0035
         627      -610.8542       365.7461       365.7461         0.0035
         628      -167.4439       368.6079       368.6079         0.0035
         629         4.2562       371.4915       371.4915         0.0035
         630       455.8998       374.3914       374.3914         0.0035
         631      -727.3068       377.3169       377.3169         0.0035
         632      -377.2283       380.2675       380.2675         0.0035
         633       568.8517       383.2343       383.2343         0.0035
         634      -484.9530       386.2220       386.2220         0.0035
         635       446.7214       389.2365       389.2365         0.0035
         636        78.5109       392.2696       392.2696         0.0035
         637      -555.7478       395.3292       395.3292         0.0035
         638        34.8239       398.4043       398.4043         0.0035
         639      -511.6766       401.5086       401.5086         0.0035
         640      -381.3468       404.6360       404.6360         0.0035
         641       496.0497       407.7795       407.7795         0.0035
         642        93.9690       410.9490       410.9490         0.0035
         643       -91.5645       414.1464       414.1464         0.0035
         644      -269.4525       417.3636       417.3636         0.0035
         645       365.9224       420.5996       420.5996         0.0035
         646       455.8625       423.8655       423.8655         0.0035
         647      -881.5610       427.1550       427.1550         0.0035
         648       572.7511       430.4723       430.4723         0.0035
         649       180.8239       433.8079       433.8079         0.0035
         650      -128.9743       437.1677       437.1677         0.0035
         651      -435.9015       440.5578       440.5578         0.0035
         652        75.2557       443.9653       443.9653         0.0035
         653      -822.7585       447.3996       447.3996         0.0035
         654      -375.3532       450.8634       450.8634         0.0035
         655      -235.4218       454.3457       454.3457         0.0035
         656       618.2181       457.8610       457.8610         0.0035
         657      1036.4190       461.3958       461.3958         0.0035
         658       -27.2574       464.9609       464.9609         0.0035
         659      -562.8426       468.5511       468.5511         0.0035
         660      -453.6488       472.1711       472.1711         0.0035
         661      -794.6450       475.8106       475.8106         0.0035
         662       119.1738       479.4818       479.4818         0.0035
         663       257.7013       483.1841       483.1841         0.0035
         664       517.0345       486.9026       486.9026         0.0035
         665      -412.1142       490.6531       490.6531         0.0035
         666      -667.0095       494.4326       494.4326         0.0035
         667       294.2028       498.2396       498.2396         0.0035
         668      -552.7723       502.0730       502.0730         0.0035
         669      -395.0942       505.9402       505.9402         0.0035
         670       319.0694       509.8312       509.8312         0.0035
         671       172.4343       513.7469       513.7469         0.0035
         672      1494.1470       517.6951       517.6951         0.0035
         673       368.7935       521.6677       521.6677         0.0035
         674      -513.0344       525.6773       525.6773         0.0035
         675       167.7867       529.7089       529.7089         0.0035
         676       774.3571       533.7731       533.7731         0.0035
         677      -265.2336       537.8639       537.8639         0.0035
         678      -881.4413       541.9856       541.9856         0.0035
         679       352.9775       546.1432       546.1432         0.0035
         680      -966.5596       550.3246       550.3246         0.0035
         681        54.1956       554.5335       554.5335         0.0035
         682      1092.8880       558.7775       558.7775         0.0035
         683       208.7644       563.0510       563.0510         0.0035
         684       -67.1032       567.3522       567.3522         0.0035
         685      -269.8264       571.6894       571.6894         0.0035
         686     -1559.4450       576.0550       576.0550         0.0035
         687        84.4277       580.4476       580.4476         0.0035
         688       753.9429       584.8779       584.8779         0.0035
         689     -1095.1430       589.3347       589.3347         0.0035
         690       462.2755       593.8255       593.8255         0.0035
         691       -60.7655       598.3498       598.3498         0.0035
         692      -336.5322       602.9047       602.9047         0.0035
         693      1833.8740       607.4878       607.4878         0.0035
         694       153.7576       612.1083       612.1083         0.0035
         695       382.8820       616.7556       616.7556         0.0035
         696       180.6413       621.4383       621.4383         0.0035
         697        60.3513       626.1657       626.1657         0.0035
         698        82.6297       630.8939       630.8939         0.0035
         699       199.2113       635.6757       635.6757         0.0035
         700      -433.7031       640.5030       640.5030         0.0035
         701       -67.9431       645.3316       645.3316         0.0035
         702     -1180.0500       650.2127       650.2127         0.0035
         703     -1486.6720       655.1429       655.1429         0.0035
         704      -266.3561       660.0766       660.0766         0.0035
         705      1256.6830       665.0591       665.0591         0.0035
         706     -1543.7530       670.0604       670.0604         0.0035
         707         4.8009       675.1407       675.1407         0.0035
         708      -549.1754       680.2271       680.2271         0.0035
         709       -72.1999       685.3204       685.3204         0.0035
         710        12.1989       690.4487       690.4487         0.0035
         711        16.2023       695.6380       695.6380         0.0035
         712       264.2481       700.8664       700.8664         0.0035
         713     -1494.8250       706.1267       706.1267         0.0035
         714       536.9960       711.4245       711.4245         0.0035
         715      -330.3614       716.7285       716.7285         0.0035
         716       939.4437       722.1220       722.1220         0.0035
         717      1645.1510       727.4951       727.4951         0.0036
         718       438.9111       732.9321       732.9321         0.0036
         719     -1098.5490       738.4033       738.4033         0.0036
         720       693.7140       743.8791       743.8791         0.0036
         721       978.1964       749.4220       749.4220         0.0036
         722      -260.4532       755.0255       755.0255         0.0036
         723       587.7355       760.6063       760.6063         0.0036
         724      -977.0413       766.2836       766.2836         0.0036
         725     -2190.7290       771.9607       771.9607         0.0036
         726       343.7421       777.6766       777.6766         0.0036
         727     -1688.5700       783.4544       783.4544         0.0036
         728       153.3206       789.2384       789.2384         0.0036
         729      1598.4220       795.0863       795.0863         0.0036
         730       676.3668       800.9696       800.9696         0.0036
         731      -354.2470       806.8850       806.8850         0.0036
         732       971.0718       812.8380       812.8380         0.0036
         733      -596.6371       818.8227       818.8227         0.0036
         734      -159.2235       824.8451       824.8451         0.0036
         735     -2536.6050       830.8984       830.8984         0.0036
         736      -314.4835       837.0181       837.0181         0.0036
         737      -472.8826       843.1692       843.1692         0.0036
         738     -2201.7270       849.3566       849.3566         0.0036
         739       858.2937       855.5776       855.5776         0.0036
         740      -481.8090       861.8647       861.8647         0.0036
         741     -1692.5680       868.1523       868.1523         0.0036
         742      1885.3340       874.5052       874.5052         0.0036
         743      -610.6416       880.9240       880.9240         0.0036
         744     -1046.0130       887.3720       887.3720         0.0036
         745       -14.6566       893.8295       893.8295         0.0036
         746      -360.2612       900.3472       900.3472         0.0036
         747       -47.5388       906.9264       906.9264         0.0036
         748      1272.6820       913.5124       913.5124         0.0036
         749       325.3953       920.1321       920.1321         0.0036
         750      -257.2980       926.8434       926.8434         0.0036
         751      -413.4998       933.5578       933.5578         0.0036
         752      -859.8463       940.3664       940.3664         0.0036
         753     -2210.8540       947.1782       947.1782         0.0036
         754        63.9239       954.0219       954.0219         0.0036
         755       -37.2778       960.9601       960.9601         0.0036
         756      -131.6100       967.8998       967.8998         0.0036
         757     -1784.8670       974.9006       974.9006         0.0037
         758         6.5927       981.9347       981.9347         0.0037
         759      1137.7310       989.0325       989.0325         0.0037
         760      1087.7410       996.1905       996.1905         0.0037
         761      2345.1710      1003.3550      1003.3550         0.0037
         762     -3544.3970      1010.5781      1010.5781         0.0037
         763       559.7092      1017.8638      1017.8638         0.0037
         764      2711.2090      1025.2063      1025.2063         0.0037
         765      1710.7310      1032.5550      1032.5550         0.0037
         766       151.2027      1039.9664      1039.9664         0.0037
         767      -806.3494      1047.4351      1047.4351         0.0037
         768      -264.2555      1054.9676      1054.9676         0.0037
         769       587.9380      1062.5284      1062.5284         0.0037
         770      -779.1494      1070.1208      1070.1208         0.0037
         771      -316.4148      1077.7774      1077.7774         0.0037
         772       871.6989      1085.4908      1085.4908         0.0037
         773      -617.5907      1093.2657      1093.2657         0.0037
         774      1113.1610      1101.0711      1101.0711         0.0037
         775       562.6089      1108.9053      1108.9053         0.0037
         776       355.6064      1116.8291      1116.8291         0.0037
         777       730.0082      1124.7831      1124.7831         0.0037
         778       587.7355      1132.7989      1132.7989         0.0037
         779         2.5929      1140.8691      1140.8691         0.0037
         780     -2093.6920      1148.9667      1148.9667         0.0037
         781       944.6262      1157.1303      1157.1303         0.0037
         782     -2852.5540      1165.3447      1165.3447         0.0037
         783      -316.8015      1173.6234      1173.6234         0.0037
         784     -1160.4760      1181.9544      1181.9544         0.0037
         785      -260.7055      1190.2873      1190.2873         0.0037
         786      -291.9613      1198.7360      1198.7360         0.0038
         787      3049.1500      1207.2214      1207.2214         0.0038
         788      -320.6646      1215.7212      1215.7212         0.0038
         789       -98.9384      1224.3473      1224.3473         0.0038
         790       849.1204      1232.9617      1232.9617         0.0038
         791     -2143.4090      1241.6634      1241.6634         0.0038
         792       431.6838      1250.4306      1250.4306         0.0038
         793      1364.4120      1259.2233      1259.2233         0.0038
         794      -287.5287      1268.0641      1268.0641         0.0038
         795       -43.3436      1276.9934      1276.9934         0.0038
         796       526.6197      1285.9481      1285.9481         0.0038
         797      -501.7658      1294.9903      1294.9903         0.0038
         798     -3652.6530      1304.0555      1304.0555         0.0038
         799      1516.9080      1313.2096      1313.2096         0.0038
         800      1811.1540      1322.4113      1322.4113         0.0038
         801        72.0374      1331.6764      1331.6764         0.0038
         802     -1782.6410      1340.9893      1340.9893         0.0038
         803      -465.6156      1350.3235      1350.3235         0.0038
         804     -1113.1580      1359.7456      1359.7456         0.0038
         805      1290.1360      1369.2551      1369.2551         0.0038
         806     -1942.2220      1378.8103      1378.8103         0.0038
         807      1784.0910      1388.3872      1388.3872         0.0038
         808         1.0620      1398.0500      1398.0500         0.0038
         809       893.3660      1407.8001      1407.8001         0.0038
         810      1308.7990      1417.5294      1417.5294         0.0038
         811       889.8746      1427.4105      1427.4105         0.0038
         812       -19.3218      1437.3119      1437.3119         0.0038
         813      -201.9449      1447.2572      1447.2572         0.0038
         814      -661.5060      1457.2873      1457.2873         0.0038
         815     -1655.3680      1467.3367      1467.3367         0.0038
         816      3160.5230      1477.4957      1477.4957         0.0038
         817     -2731.6170      1487.6733      1487.6733         0.0038
         818     -1388.2130      1497.9360      1497.9360         0.0038
         819      1934.3380      1508.3048      1508.3048         0.0038
         820       573.6548      1518.6932      1518.6932         0.0038
         821      -265.4943      1529.1231      1529.1231         0.0039
         822      1803.0830      1539.6361      1539.6361         0.0039
         823     -2080.9410      1550.1894      1550.1894         0.0039
         824     -1296.2150      1560.8260      1560.8260         0.0039
         825       754.2242      1571.5682      1571.5682         0.0039
         826       952.8768      1582.3283      1582.3283         0.0039
         827     -1392.6270      1593.1705      1593.1705         0.0039
         828     -1975.7590      1604.0727      1604.0727         0.0039
         829       455.0481      1614.9909      1614.9909         0.0039
         830     -1959.1680      1626.0582      1626.0582         0.0039
         831       850.7740      1637.1159      1637.1159         0.0039
         832      2037.8640      1648.3033      1648.3033         0.0039
         833     -2566.9840      1659.5456      1659.5456         0.0039
         834       525.2945      1670.8239      1670.8239         0.0039
         835       926.5703      1682.1642      1682.1642         0.0039
         836       224.9014      1693.6261      1693.6261         0.0039
         837     -1192.5960      1705.1011      1705.1011         0.0039
         838     -3736.0230      1716.6300      1716.6300         0.0039
         839     -1494.6060      1728.3086      1728.3086         0.0039
         840      2757.0760      1739.9988      1739.9988         0.0039
         841     -2747.7390      1751.7416      1751.7416         0.0039
         842       806.8288      1763.5846      1763.5846         0.0039
         843      1237.9980      1775.5071      1775.5071         0.0039
         844     -1614.4230      1787.4801      1787.4801         0.0039
         845      -278.0546      1799.4839      1799.4839         0.0039
         846     -1310.8510      1811.6344      1811.6344         0.0039
         847     -3724.6730      1823.8161      1823.8161         0.0039
         848        59.8891      1836.0452      1836.0452         0.0039
         849     -1639.7650      1848.4217      1848.4217         0.0039
         850     -1777.0980      1860.7760      1860.7760         0.0039
         851       962.2982      1873.2778      1873.2778         0.0039
         852     -1122.0000      1885.8253      1885.8253         0.0039
         853      -440.5637      1898.4187      1898.4187         0.0039
         854       224.3335      1911.1414      1911.1414         0.0039
         855      -386.2407      1923.9084      1923.9084         0.0039
         856       182.5664      1936.7153      1936.7153         0.0039
         857      6034.8670      1949.6356      1949.6356         0.0039
         858      2401.4300      1962.6349      1962.6349         0.0039
         859      2555.1260      1975.7296      1975.7296         0.0039
         860     -1149.5330      1988.8671      1988.8671         0.0039
         861       436.5231      2002.0404      2002.0404         0.0039
         862      1932.9110      2015.3602      2015.3602         0.0039
         863     -1212.6490      2028.7214      2028.7214         0.0039
         864      5365.5960      2042.1918      2042.1918         0.0039
         865      1537.5520      2055.6849      2055.6849         0.0039
         866     -3736.2670      2069.2868      2069.2868         0.0039
         867      2572.1560      2082.9799      2082.9799         0.0039
         868     -1099.1470      2096.7265      2096.7265         0.0039
         869      -190.6928      2110.5635      2110.5635         0.0039
         870      -621.7012      2124.4903      2124.4903         0.0039
         871     -2406.8040      2138.4522      2138.4522         0.0039
         872      -311.7487      2152.5238      2152.5238         0.0039
         873      2095.9220      2166.6956      2166.6956         0.0039
         874      -600.6614      2180.9445      2180.9445         0.0039
         875     -1817.5080      2195.2569      2195.2569         0.0039
         876     -1649.7820      2209.6568      2209.6568         0.0039
         877     -3281.1310      2224.1073      2224.1073         0.0039
         878      2526.0090      2238.7001      2238.7001         0.0039
         879      1044.3640      2253.3380      2253.3380         0.0039
         880      -525.2590      2268.0809      2268.0809         0.0039
         881       974.4211      2282.8515      2282.8515         0.0039
         882     -6059.7260      2297.7260      2297.7260         0.0039
         883      1375.7820      2312.7571      2312.7571         0.0039
         884      5574.8860      2327.7761      2327.7761         0.0039
         885      -906.6683      2342.9545      2342.9545         0.0039
         886       498.0543      2358.1716      2358.1716         0.0039
         887     -1288.5710      2373.4901      2373.4901         0.0039
         888     -1274.2760      2388.9044      2388.9044         0.0039
         889      2931.1460      2404.3599      2404.3599         0.0039
         890     -1819.9660      2419.9587      2419.9587         0.0039
         891     -2449.7520      2435.6258      2435.6258         0.0038
         892     -2056.4460      2451.3729      2451.3729         0.0038
         893     -1870.8730      2467.1612      2467.1612         0.0038
         894      -374.6400      2483.1161      2483.1161         0.0038
         895      4958.2090      2499.1113      2499.1113         0.0038
         896      -747.2992      2515.1976      2515.1976         0.0038
         897     -1158.4640      2531.3360      2531.3360         0.0038
         898      4663.7610      2547.6253      2547.6253         0.0038
         899      3530.2500      2564.0260      2564.0260         0.0038
         900     -2048.7060      2580.4589      2580.4589         0.0038
         901       467.1977      2596.9852      2596.9852         0.0038
         902      6799.9740      2613.6189      2613.6189         0.0038
         903      2218.7730      2630.3548      2630.3548         0.0038
         904      -602.7881      2647.1389      2647.1389         0.0038
         905      -686.2593      2664.0734      2664.0734         0.0038
         906       960.5259      2681.0502      2681.0502         0.0038
         907      2151.4200      2698.1207      2698.1207         0.0038
         908     -1844.7300      2715.3046      2715.3046         0.0038
         909     -1879.0250      2732.5779      2732.5779         0.0038
         910       314.4275      2749.9059      2749.9059         0.0038
         911     -1332.4800      2767.3849      2767.3849         0.0038
         912      3821.9500      2784.9005      2784.9005         0.0038
         913      -756.8675      2802.5950      2802.5950         0.0038
         914     -2350.1550      2820.3240      2820.3240         0.0038
         915     -5383.1280      2838.1440      2838.1440         0.0038
         916      2579.5060      2856.0841      2856.0841         0.0038
         917      1239.9920      2874.1149      2874.1149         0.0038
         918     -4470.1590      2892.2528      2892.2528         0.0038
         919      1226.5140      2910.4911      2910.4911         0.0038
         920     -1657.6740      2928.8373      2928.8373         0.0038
         921       -62.0256      2947.2160      2947.2160         0.0038
         922        31.0417      2965.7694      2965.7694         0.0038
         923       345.8756      2984.3634      2984.3634         0.0038
         924     -4401.1900      3003.1202      3003.1202         0.0037
         925       362.0276      3021.9170      3021.9170         0.0037
         926      7517.3790      3040.8866      3040.8866         0.0037
         927      2894.4890      3059.8955      3059.8955         0.0037
         928      -830.0797      3079.0082      3079.0082         0.0037
         929     -1243.1860      3098.3024      3098.3024         0.0037
         930       998.4125      3117.6251      3117.6251         0.0037
         931     -4645.5770      3137.0498      3137.0498         0.0037
         932     -4470.2290      3156.6567      3156.6567         0.0037
         933      4256.2390      3176.3080      3176.3080         0.0037
         934       -99.4006      3196.0608      3196.0608         0.0037
         935     -2482.1210      3215.9830      3215.9830         0.0037
         936      -971.1446      3235.9477      3235.9477         0.0037
         937     -4461.3960      3256.0927      3256.0927         0.0037
         938      6609.8370      3276.2790      3276.2790         0.0037
         939     -1371.9650      3296.6416      3296.6416         0.0037
         940     -9047.3840      3317.0442      3317.0442         0.0037
         941       979.3940      3337.6236      3337.6236         0.0037
         942      4361.2050      3358.3124      3358.3124         0.0037
         943     -1971.0270      3379.0373      3379.0373         0.0037
         944      1725.8300      3400.0170      3400.0170         0.0037
         945     -2348.6460      3420.9701      3420.9701         0.0037
         946     -3258.5640      3442.1015      3442.1015         0.0037
         947     -4776.7840      3463.4147      3463.4147         0.0037
         948     -6812.5460      3484.7689      3484.7689         0.0037
         949      2015.4410      3506.2363      3506.2363         0.0037
         950     -4795.0550      3527.8862      3527.8862         0.0036
         951      1824.1030      3549.6477      3549.6477         0.0036
         952     -4198.7800      3571.5262      3571.5262         0.0036
         953     -2396.1040      3593.5145      3593.5145         0.0036
         954      -288.6286      3615.6197      3615.6197         0.0036
         955      -523.2421      3637.8318      3637.8318         0.0036
         956     -3638.9020      3660.2317      3660.2317         0.0036
         957      -565.5386      3682.7470      3682.7470         0.0036
         958     -2137.8480      3705.3756      3705.3756         0.0036
         959     -3102.2060      3728.1255      3728.1255         0.0036
         960      1356.8830      3750.9788      3750.9788         0.0036
         961      -175.8696      3774.0327      3774.0327         0.0036
         962      -973.0732      3797.1897      3797.1897         0.0036
         963       269.2087      3820.4711      3820.4711         0.0036
         964     -6086.0100      3843.9361      3843.9361         0.0036
         965      -541.8315      3867.4503      3867.4503         0.0036
         966     -3223.0120      3891.2199      3891.2199         0.0036
         967     -7501.8970      3915.0372      3915.0372         0.0036
         968     -1360.1280      3938.9732      3938.9732         0.0036
         969     -3075.2440      3963.0974      3963.0974         0.0036
         970      4229.9880      3987.4068      3987.4068         0.0036
         971     -7247.9150      4011.8413      4011.8413         0.0036
         972     -3871.0030      4036.2905      4036.2905         0.0036
         973      9946.5640      4061.0721      4061.0721         0.0036
         974      4622.1030      4085.8968      4085.8968         0.0036
         975     -1461.8090      4110.8912      4110.8912         0.0036
         976     -1664.2780      4136.0720      4136.0720         0.0035
         977     -1590.7230      4161.3581      4161.3581         0.0035
         978      8934.4750      4186.7466      4186.7466         0.0035
         979      7622.1750      4212.3192      4212.3192         0.0035
         980      2057.3230      4238.0526      4238.0526         0.0035
         981       -19.4544      4263.9675      4263.9675         0.0035
         982     -2280.9850      4290.0632      4290.0632         0.0035
         983       430.3089      4316.1795      4316.1795         0.0035
         984      4914.6380      4342.6121      4342.6121         0.0035
         985      5283.3060      4369.1420      4369.1420         0.0035
         986     -3355.3700      4395.8519      4395.8519         0.0035
         987      4786.6130      4422.6597      4422.6597         0.0035
         988     -1230.3330      4449.6184      4449.6184         0.0035
         989      4103.1290      4476.8880      4476.8880         0.0035
         990     -2483.0920      4504.1171      4504.1171         0.0035
         991     -6390.9880      4531.6559      4531.6559         0.0035
         992     -2716.7970      4559.3442      4559.3442         0.0035
         993      4891.9520      4587.2017      4587.2017         0.0035
         994       976.2027      4615.2356      4615.2356         0.0035
         995      1204.2690      4643.4119      4643.4119         0.0035
         996      1830.9280      4671.7595      4671.7595         0.0035
         997      3236.8940      4700.3297      4700.3297         0.0035
         998      -116.9939      4729.1222      4729.1222         0.0035
         999     -9842.6950      4757.9531      4757.9531         0.0035
        1000      2076.1380      4787.0516      4787.0516         0.0035
        1001      9695.1250      4816.3213      4816.3213         0.0035
        1002     -7372.5920      4845.7597      4845.7597         0.0035
        1003     -4019.7910      4875.3334      4875.3334         0.0035
        1004     -1953.3120      4905.2017      4905.2017         0.0035
        1005     -4466.5410      4935.2042      4935.2042         0.0035
        1006      3753.1880      4965.4530      4965.4530         0.0035
        1007       838.1195      4995.7922      4995.7922         0.0035
        1008     12507.3400      5026.3845      5026.3845         0.0035
        1009      7879.0580      5057.2257      5057.2257         0.0035
        1010      4211.6610      5088.1927      5088.1927         0.0035
        1011      -924.8740      5119.3708      5119.3708         0.0034
        1012     14451.0700      5150.7134      5150.7134         0.0034
        1013     -1206.4850      5182.3500      5182.3500         0.0034
        1014     -1765.3470      5214.1050      5214.1050         0.0034
        1015    -10573.5600      5246.1500      5246.1500         0.0034
        1016      -112.7740      5278.4012      5278.4012         0.0034
        1017      3220.3540      5310.8585      5310.8585         0.0034
        1018       107.1243      5343.4746      5343.4746         0.0034
        1019    -11964.3500      5376.3363      5376.3363         0.0034
        1020      -256.7389      5409.3624      5409.3624         0.0034
        1021     -4955.0970      5442.6697      5442.6697         0.0034
        1022      8616.9130      5476.2178      5476.2178         0.0034
        1023      3235.6640      5509.9287      5509.9287         0.0034
        1024      8725.6620      5543.9248      5543.9248         0.0034
