# Wilkinson Microwave Anisotropy Probe (WMAP) 9-year data release.
# WMAP 9-Year Combined Power Spectrum, version 5.0 (December 2012)
#
# References: - WMAP Explanatory Supplement: http://lambda.gsfc.nasa.gov/
#             - Bennett, et al. (2012)
#             - Hinshaw, et al. (2012)
#
# Column 1 = multipole moment l
# Column 2 = TB power spectrum, units = uK^2, =  l(l+1)/2pi * C_l.
# Column 3 = 'Error' derived from diagonal terms of Fisher matrix, units = uK^2.
#             Included only as an estimate of their magnitude.  The
#             multipole moments are slightly coupled, so a correct
#             treatment of errors requires use of the entire Fisher matrix.
           2         0.7498         3.9918
           3         1.2258         3.9570
           4         1.9235         3.9440
           5         5.2748         3.9597
           6        -7.8796         4.0004
           7         1.5392         4.0620
           8         5.5141         4.1392
           9        -2.8846         4.2288
          10         2.1548         4.3285
          11        -0.8025         4.4351
          12        -4.9380         4.5501
          13         0.7739         4.6686
          14         0.1784         4.7904
          15        -2.2235         4.9126
          16         5.6178         5.0399
          17         1.8750         5.1722
          18        -8.5650         5.3061
          19         7.3142         5.4442
          20         4.2207         5.5812
          21         0.4465         5.7198
          22         1.4413         5.8599
          23         8.6309         6.0000
          24        -5.7422         6.1416
          25         4.1247         6.2848
          26         8.8118         6.4281
          27         6.0981         6.5731
          28         4.1913         6.7192
          29         7.1528         6.8658
          30         7.4219         7.0141
          31        -0.0602         7.1621
          32        -1.2247         7.3122
          33       -12.8637         7.4630
          34         0.7989         7.6144
          35         6.3407         7.7678
          36        -1.0278         7.9206
          37       -19.8621         8.0749
          38        -2.9369         8.2304
          39       -12.6369         8.3876
          40        -0.2649         8.5454
          41         6.6690         8.7040
          42       -11.1077         8.8632
          43        -8.6271         9.0233
          44        -5.2171         9.1842
          45         4.3737         9.3464
          46         2.9340         9.5097
          47       -12.5802         9.6743
          48        -1.4279         9.8397
          49       -22.4436        10.0063
          50         5.9010        10.1741
          51        12.2025        10.3430
          52         0.2413        10.5135
          53         2.0476        10.6847
          54         6.0993        10.8571
          55       -10.9150        11.0298
          56       -14.6997        11.2042
          57         2.9081        11.3801
          58        -7.6585        11.5575
          59       -18.2358        11.7363
          60         5.9737        11.9159
          61         4.5046        12.0973
          62         1.6623        12.2796
          63        -2.9699        12.4632
          64         7.7804        12.6480
          65        17.6235        12.8343
          66        24.1679        13.0224
          67        -9.0638        13.2120
          68        -5.4198        13.4028
          69        11.6987        13.5950
          70        -4.4894        13.7884
          71        20.9584        13.9828
          72        -0.2201        14.1789
          73       -43.6193        14.3766
          74        -3.8426        14.5764
          75       -11.1723        14.7784
          76       -16.1056        14.9819
          77        22.9768        15.1869
          78       -22.4222        15.3934
          79         3.4155        15.6013
          80        15.1578        15.8104
          81        -8.0227        16.0216
          82       -18.2153        16.2343
          83        22.3013        16.4487
          84       -19.8135        16.6649
          85        -0.2945        16.8825
          86       -28.2546        17.1019
          87        14.1760        17.3228
          88         0.6122        17.5451
          89       -24.2039        17.7689
          90        11.8007        17.9944
          91       -17.9018        18.2213
          92         9.0502        18.4500
          93        32.6063        18.6803
          94       -13.3826        18.9122
          95       -14.8841        19.1456
          96        11.9605        19.3806
          97         8.8366        19.6176
          98         2.5514        19.8563
          99        17.7405        20.0965
         100        41.2090        20.3386
         101       -18.9754        20.5822
         102        -1.9078        20.8277
         103         6.9694        21.0749
         104        27.9818        21.3235
         105        21.9134        21.5740
         106        11.7532        21.8261
         107       -28.9578        22.0796
         108        -9.0823        22.3350
         109       -14.7678        22.5919
         110       -33.4041        22.8504
         111       -32.3280        23.1103
         112        12.1881        23.3716
         113       -11.8365        23.6349
         114       -24.4668        23.8993
         115       -23.4241        24.1655
         116        -4.9035        24.4327
         117       -21.8154        24.7016
         118        12.1427        24.9721
         119       -19.2522        25.2436
         120        10.3328        25.5169
         121       -11.6687        25.7911
         122        22.9722        26.0667
         123       -15.7628        26.3438
         124       -26.5110        26.6222
         125        20.2837        26.9016
         126        10.1537        27.1826
         127        17.5149        27.4645
         128         2.8046        27.7477
         129        -5.9692        28.0319
         130        41.2836        28.3173
         131        24.9856        28.6038
         132         2.8562        28.8915
         133        -3.8560        29.1800
         134       -40.7422        29.4698
         135       -31.6786        29.7606
         136       -42.7968        30.0521
         137        22.9331        30.3445
         138       -24.9547        30.6382
         139        18.2273        30.9321
         140        25.6179        31.2274
         141        -3.6840        31.5232
         142       -52.3989        31.8197
         143        11.9040        32.1171
         144        63.6387        32.4148
         145        17.6248        32.7136
         146        24.4271        33.0131
         147       -29.5847        33.3128
         148        38.1878        33.6125
         149        -7.6939        33.9136
         150        -0.7536        34.2147
         151        14.7141        34.5167
         152        -7.3646        34.8189
         153       -42.8914        35.1212
         154       -12.9578        35.4241
         155        27.0879        35.7282
         156        60.5954        36.0319
         157        18.3438        36.3363
         158         5.5735        36.6409
         159       -20.8536        36.9464
         160        44.7200        37.2521
         161       -15.2122        37.5585
         162        38.0359        37.8648
         163        -9.4910        38.1718
         164        -2.5291        38.4789
         165        28.3273        38.7857
         166        59.1347        39.0931
         167       -74.3466        39.4008
         168       -13.4126        39.7075
         169        12.6633        40.0156
         170       -52.1441        40.3227
         171         4.5204        40.6297
         172       -68.8166        40.9369
         173        75.2247        41.2438
         174         1.5390        41.5501
         175         7.9851        41.8564
         176        51.0708        42.1620
         177       -19.0836        42.4673
         178       -49.5685        42.7725
         179        49.7138        43.0765
         180       -27.5693        43.3805
         181        37.2127        43.6836
         182       -27.3982        43.9863
         183         6.0697        44.2880
         184        14.5767        44.5894
         185        21.7934        44.8904
         186        27.6602        45.1897
         187        16.1092        45.4892
         188         8.4072        45.7879
         189       -21.1195        46.0853
         190       -20.5710        46.3819
         191        76.1183        46.6779
         192         0.1374        46.9732
         193        66.6080        47.2670
         194        50.0767        47.5603
         195       -48.3565        47.8524
         196       -42.1379        48.1436
         197        55.2530        48.4341
         198        80.5853        48.7234
         199       -22.6220        49.0119
         200        15.2568        49.2990
         201        28.0290        49.5852
         202        37.5014        49.8698
         203        30.2780        50.1536
         204        -8.2833        50.4354
         205         5.4414        50.7163
         206        -4.9022        50.9955
         207       112.1429        51.2738
         208       -58.2294        51.5500
         209        26.9891        51.8242
         210        83.4566        52.0973
         211        -3.1274        52.3689
         212        49.9594        52.6384
         213       -71.1177        52.9071
         214        30.3813        53.1735
         215        31.7892        53.4381
         216        33.1078        53.7011
         217        31.4752        53.9624
         218        64.9465        54.2218
         219         4.9453        54.4795
         220       -98.2837        54.7350
         221         7.7994        54.9888
         222       -44.7296        55.2402
         223        55.7591        55.4896
         224       -90.1605        55.7372
         225        25.3135        55.9822
         226       -15.6649        56.2252
         227       -42.7203        56.4658
         228        23.0988        56.7047
         229         8.8730        56.9411
         230         2.7355        57.1751
         231       -51.9522        57.4068
         232       -42.4032        57.6366
         233       -70.0366        57.8634
         234        -4.4292        58.0876
         235       -41.8480        58.3100
         236       -37.5316        58.5297
         237        93.2775        58.7469
         238      -110.0445        58.9615
         239         8.8822        59.1737
         240        -1.8965        59.3828
         241        64.4813        59.5898
         242        14.1122        59.7937
         243        62.8351        59.9952
         244        -0.3125        60.1941
         245         3.8995        60.3897
         246        41.2114        60.5830
         247        53.5567        60.7735
         248       -52.0225        60.9610
         249        24.9957        61.1460
         250       -68.4744        61.3280
         251       -34.5722        61.5071
         252       -46.9091        61.6831
         253        91.0125        61.8568
         254       -40.8348        62.0268
         255        39.2373        62.1939
         256        46.1230        62.3579
         257        50.1335        62.5192
         258        66.1037        62.6774
         259        97.1488        62.8321
         260        29.4767        62.9845
         261        -0.8977        63.1334
         262        -8.7995        63.2793
         263       -11.1349        63.4226
         264        33.5496        63.5629
         265       -19.0913        63.7000
         266      -119.0359        63.8340
         267       -79.1562        63.9650
         268       156.0718        64.0930
         269       -64.4436        64.2182
         270       -24.0810        64.3398
         271        30.6535        64.4584
         272       142.4905        64.5742
         273        86.6590        64.6870
         274        -9.2269        64.7968
         275        67.3760        64.9029
         276       -30.1061        65.0068
         277       118.4961        65.1069
         278       108.1974        65.2046
         279        15.3194        65.2991
         280       -38.4622        65.3907
         281       -60.3580        65.4797
         282        16.1458        65.5651
         283       -15.4420        65.6482
         284        76.8550        65.7279
         285        14.2494        65.8050
         286       103.7936        65.8789
         287        53.4393        65.9503
         288       -31.2508        66.0187
         289       -14.4149        66.0847
         290       -43.3725        66.1477
         291       -33.5591        66.2082
         292        34.4606        66.2655
         293        40.7885        66.3208
         294       -30.1151        66.3727
         295        60.2098        66.4227
         296        41.0333        66.4698
         297        21.6072        66.5141
         298       -67.7874        66.5556
         299      -144.9285        66.5957
         300        -9.4115        66.6325
         301       -12.1237        66.6667
         302       -24.3307        66.6990
         303       -63.0455        66.7293
         304       -57.8217        66.7569
         305       122.0011        66.7830
         306       -45.0811        66.8062
         307       -90.5689        66.8275
         308        -2.8874        66.8471
         309        74.5847        66.8651
         310        83.6804        66.8802
         311        39.6019        66.8943
         312        -9.7921        66.9068
         313        27.0019        66.9171
         314        83.8481        66.9253
         315       -45.7017        66.9321
         316       -63.3780        66.9380
         317        39.7531        66.9423
         318       -65.8355        66.9457
         319       115.6065        66.9471
         320      -131.8653        66.9472
         321        61.7310        66.9466
         322      -181.3371        66.9447
         323         5.4576        66.9424
         324       -72.0391        66.9390
         325        -8.6040        66.9355
         326       -42.5165        66.9294
         327        28.5167        66.9247
         328       -45.9584        66.9194
         329       -52.2415        66.9119
         330       -21.4224        66.9064
         331       -26.2606        66.8993
         332       -99.6679        66.8927
         333        89.0598        66.8864
         334       -48.9755        66.8797
         335       -54.7493        66.8742
         336       -49.4435        66.8684
         337       -83.6429        66.8626
         338        76.0709        66.8574
         339        54.5928        66.8545
         340         9.0568        66.8507
         341        89.7849        66.8493
         342       -51.2997        66.8478
         343       -48.9872        66.8491
         344       -55.0968        66.8510
         345       -21.4000        66.8537
         346        63.6115        66.8589
         347       103.9422        66.8646
         348        -6.0531        66.8729
         349         7.6860        66.8835
         350       -45.2869        66.8953
         351        11.0711        66.9113
         352        14.2007        66.9285
         353       -96.3277        66.9484
         354        43.8120        66.9708
         355        21.6108        66.9959
         356       -13.6310        67.0255
         357       -23.6383        67.0571
         358      -115.8728        67.0926
         359       161.8952        67.1312
         360      -122.4379        67.1743
         361        21.1378        67.2196
         362        68.1641        67.2706
         363        64.0823        67.3245
         364       -63.1780        67.3840
         365      -198.9977        67.4460
         366         8.2972        67.5134
         367        86.6693        67.5855
         368       -22.0863        67.6631
         369      -106.5094        67.7457
         370        56.7535        67.8327
         371        -4.4030        67.9249
         372       -23.5869        68.0222
         373         8.6196        68.1260
         374       -89.5722        68.2359
         375        32.8785        68.3497
         376        63.8017        68.4708
         377       -21.9456        68.5979
         378        78.0847        68.7312
         379        54.1267        68.8707
         380       -75.9152        69.0171
         381        10.8991        69.1700
         382       -59.7430        69.3289
         383        29.3517        69.4951
         384        -8.6532        69.6693
         385       -54.4182        69.8491
         386      -119.8354        70.0367
         387        18.5110        70.2313
         388       -51.0124        70.4332
         389        36.8472        70.6431
         390        -1.2069        70.8601
         391        22.4029        71.0852
         392       -65.5579        71.3172
         393        91.6542        71.5580
         394        64.7178        71.8061
         395      -132.7959        72.0618
         396      -115.9782        72.3262
         397       116.2688        72.5980
         398        70.8388        72.8784
         399       -89.2071        73.1669
         400         3.9426        73.4632
         401        94.1692        73.7684
         402        78.4024        74.0823
         403         7.8794        74.4035
         404      -140.5675        74.7329
         405       -19.3323        75.0712
         406         5.8042        75.4186
         407        70.6957        75.7741
         408       -87.9636        76.1383
         409       -23.8952        76.5108
         410       100.1683        76.8905
         411       -70.9850        77.2805
         412       142.5944        77.6770
         413       125.2666        78.0834
         414       -46.6914        78.4967
         415         9.5113        78.9195
         416        31.1623        79.3505
         417       -16.0516        79.7892
         418        -1.0005        80.2360
         419       -12.6259        80.6917
         420       -54.6120        81.1562
         421        65.6468        81.6288
         422       -55.4570        82.1089
         423        44.7846        82.5967
         424        72.8889        83.0930
         425       114.1949        83.5979
         426       -72.9953        84.1108
         427       -39.8782        84.6301
         428       -30.4680        85.1574
         429      -147.7210        85.6938
         430       -39.4897        86.2382
         431        15.2438        86.7882
         432        88.6461        87.3465
         433        45.3194        87.9131
         434        77.7900        88.4858
         435        90.0089        89.0662
         436        81.4133        89.6535
         437       -79.2164        90.2498
         438        62.3791        90.8512
         439        17.1306        91.4613
         440       144.0914        92.0773
         441        74.2726        92.7009
         442        13.2568        93.3299
         443        44.3848        93.9675
         444       -30.5802        94.6101
         445       117.3459        95.2607
         446       -23.1718        95.9161
         447       -28.1310        96.5788
         448       -58.0478        97.2470
         449      -143.3764        97.9203
         450       116.0588        98.6024
         451      -125.6255        99.2890
         452      -177.4208        99.9810
         453       -42.5552       100.6805
         454        55.2385       101.3843
         455        53.0061       102.0937
         456      -181.7606       102.8095
         457       -29.9941       103.5304
         458        64.8275       104.2562
         459       117.3540       104.9880
         460      -155.8565       105.7246
         461       -40.6253       106.4659
         462       -83.4192       107.2116
         463      -137.3438       107.9623
         464       122.2878       108.7178
         465       233.0790       109.4784
         466      -145.8161       110.2433
         467       -18.8304       111.0134
         468      -140.9960       111.7874
         469        24.1917       112.5658
         470        31.0400       113.3497
         471       139.6214       114.1365
         472       180.1416       114.9265
         473        13.3417       115.7217
         474      -188.3914       116.5201
         475        57.0336       117.3228
         476       -53.1570       118.1281
         477       -60.2411       118.9375
         478      -229.0549       119.7516
         479        40.4960       120.5682
         480       240.9086       121.3883
         481       156.0770       122.2113
         482       143.0699       123.0392
         483      -272.6775       123.8696
         484      -105.0899       124.7017
         485      -127.2585       125.5387
         486      -214.0853       126.3777
         487      -369.8710       127.2187
         488        -3.4436       128.0626
         489       182.6285       128.9094
         490      -265.6593       129.7594
         491       175.0907       130.6099
         492       -69.5348       131.4650
         493       129.1164       132.3222
         494       229.7223       133.1822
         495       154.9604       134.0439
         496       -19.9274       134.9071
         497        25.1436       135.7730
         498        22.3903       136.6411
         499       115.9665       137.5120
         500        81.9441       138.3846
         501       -52.9354       144.5162
         502       165.6444       145.4085
         503        14.1113       146.3008
         504         3.9751       147.1936
         505        47.1729       148.0882
         506       115.2325       148.9845
         507        10.7203       149.8813
         508         8.0623       150.7794
         509       226.3548       151.6791
         510       194.8147       152.5778
         511       284.9468       153.4790
         512      -132.4803       154.3814
         513       -73.2604       155.2839
         514       -45.1132       156.1899
         515        95.5330       157.0933
         516       100.5176       157.9998
         517       -47.7964       158.9052
         518        29.9767       159.8127
         519       -61.0757       160.7207
         520      -132.4833       161.6284
         521      -130.4963       162.5362
         522       120.8887       163.4446
         523      -213.6737       164.3547
         524        41.0483       165.2648
         525      -169.1674       166.1752
         526      -180.8982       167.0846
         527         8.7736       167.9952
         528      -133.9005       168.9061
         529       375.8378       169.8183
         530      -157.0634       170.7298
         531        15.3675       171.6435
         532        26.5859       172.5557
         533       114.1946       173.4684
         534       115.6975       174.3820
         535      -150.8938       175.2957
         536       106.6229       176.2108
         537        67.1461       177.1248
         538       319.0470       178.0393
         539      -173.6732       178.9534
         540       298.0116       179.8697
         541       149.2394       180.7865
         542        54.4031       181.7038
         543        44.5371       182.6194
         544      -245.4137       183.5386
         545      -182.0229       184.4562
         546       115.9715       185.3757
         547       208.0040       186.2948
         548       140.8800       187.2148
         549        33.7788       188.1368
         550       205.7336       189.0580
         551      -400.3552       189.9820
         552       138.0381       190.9052
         553        66.3287       191.8305
         554       118.3438       192.7557
         555       145.2553       193.6827
         556       -46.5279       194.6103
         557       -99.5074       195.5409
         558        65.0799       196.4729
         559       289.2433       197.4045
         560       -71.8614       198.3395
         561        21.7143       199.2747
         562      -133.5770       200.2138
         563      -397.4861       201.1535
         564       301.0215       202.0952
         565       214.5253       203.0419
         566       -32.2216       203.9878
         567      -454.5795       204.9352
         568      -482.0735       205.8866
         569       -42.9649       206.8401
         570       140.8667       207.7962
         571       175.5108       208.7582
         572        -7.6030       209.7187
         573        66.6971       210.6840
         574       581.5533       211.6549
         575       197.9752       212.6251
         576      -529.0244       213.6042
         577        92.1774       214.5814
         578        56.5615       215.5679
         579       156.8766       216.5515
         580       238.8139       217.5437
         581       335.5097       218.5394
         582       222.8495       219.5426
         583      -380.3002       220.5470
         584        15.6173       221.5586
         585         6.8446       222.5754
         586      -268.8526       223.5983
         587      -103.4164       224.6251
         588       274.5234       225.6608
         589       178.3076       226.7004
         590        75.6207       227.7406
         591       -79.8023       228.7967
         592       -24.0277       229.8525
         593       316.1790       230.9142
         594       -45.5939       231.9868
         595       172.9525       233.0668
         596       -46.3586       234.1474
         597       396.5811       235.2456
         598       -93.0860       236.3452
         599        87.7943       237.4526
         600       -76.6436       238.5700
         601      -556.6827       239.6935
         602       148.9962       240.8294
         603       585.4415       241.9669
         604      -502.4579       243.1176
         605        29.9919       244.2736
         606       300.8543       245.4470
         607       212.3735       246.6224
         608       429.0451       247.8072
         609       343.7401       249.0036
         610       335.7214       250.2119
         611        77.1981       251.4284
         612       -34.4487       252.6548
         613       121.0105       253.8951
         614       384.4067       255.1420
         615       112.7528       256.4006
         616      -236.1135       257.6738
         617        90.1539       258.9558
         618      -169.6108       260.2482
         619      -367.4342       261.5521
         620       163.5518       262.8711
         621        40.1385       264.1992
         622       211.3841       265.5420
         623        85.5696       266.8965
         624       -98.2891       268.2613
         625        98.3202       269.6437
         626      -407.5562       271.0355
         627       203.5202       272.4409
         628        21.6143       273.8613
         629       160.0236       275.2968
         630       353.4278       276.7442
         631      -327.2955       278.2073
         632        62.2326       279.6832
         633      -453.7448       281.1770
         634        11.8386       282.6802
         635       397.2350       284.2036
         636      -214.8632       285.7378
         637       307.9078       287.2872
         638       188.8056       288.8583
         639      -297.6337       290.4392
         640       248.9179       292.0363
         641      -363.4927       293.6523
         642      -190.9083       295.2854
         643        21.8715       296.9288
         644       262.1529       298.5927
         645        86.0411       300.2773
         646       168.4074       301.9714
         647       -14.8742       303.6883
         648      -136.5828       305.4232
         649       -83.3977       307.1721
         650       282.2097       308.9360
         651       -32.6527       310.7277
         652      -163.5612       312.5309
         653      -184.1126       314.3517
         654       309.4709       316.1956
         655       303.9175       318.0536
         656       122.4063       319.9290
         657       -70.3007       321.8255
         658        86.4705       323.7438
         659       213.8494       325.6812
         660      -656.2354       327.6335
         661       -61.3104       329.6076
         662       297.5322       331.6025
         663       430.4874       333.6150
         664      -352.7487       335.6511
         665       304.7371       337.7052
         666       177.3835       339.7789
         667      -244.7833       341.8712
         668        -5.2924       343.9839
         669      -487.6040       346.1224
         670        70.4843       348.2747
         671       142.1992       350.4563
         672       176.9694       352.6526
         673      -121.7979       354.8716
         674       115.4191       357.1151
         675       232.7912       359.3723
         676       324.5511       361.6567
         677       919.7093       363.9592
         678      -192.0183       366.2849
         679      -501.6462       368.6358
         680      -231.8564       371.0038
         681        42.8867       373.3968
         682       -96.4789       375.8086
         683        -3.9390       378.2434
         684      -217.4384       380.6972
         685        11.1300       383.1787
         686       170.1441       385.6766
         687       505.8463       388.1955
         688       736.1716       390.7413
         689      -672.3417       393.3145
         690       537.1646       395.9034
         691       540.5265       398.5126
         692      -626.2460       401.1475
         693         5.0812       403.8027
         694       259.1300       406.4816
         695      -586.1217       409.1867
         696       -84.5135       411.9136
         697      -199.4592       414.6616
         698      -441.6740       417.4284
         699        -8.4963       420.2175
         700        -5.7023       423.0374
         701       -97.2878       425.8719
         702      -422.1524       428.7350
         703        25.8762       431.6188
         704       284.9330       434.5229
         705       908.1456       437.4508
         706      -437.0064       440.4057
         707        88.2776       443.3748
         708       497.1357       446.3770
         709      -296.7494       449.3890
         710       -13.3780       452.4385
         711      -216.7674       455.5044
         712       169.1990       458.5902
         713      -516.3707       461.6972
         714       137.4548       464.8291
         715      -466.2825       467.9907
         716       607.1367       471.1714
         717       469.0305       474.3694
         718       859.7355       477.5970
         719       214.9861       480.8416
         720       292.8559       484.1153
         721      -621.7645       487.4078
         722      -606.9777       490.7210
         723       113.2118       494.0701
         724      -536.6742       497.4279
         725        -6.4390       500.8092
         726       -68.2187       504.2148
         727       306.3481       507.6499
         728       190.5995       511.0961
         729      -638.4755       514.5784
         730       551.0103       518.0735
         731       955.1507       521.6013
         732       -27.4551       525.1450
         733       196.4938       528.7191
         734       762.5187       532.3100
         735      -725.0688       535.9235
         736       -78.9649       539.5605
         737      -215.9421       543.2252
         738      -218.9446       546.9126
         739      -481.2794       550.6147
         740       161.8246       554.3558
         741       503.7096       558.1029
         742      -587.2515       561.8785
         743       668.9496       565.6845
         744      -473.2192       569.5080
         745      -151.9587       573.3594
         746       427.4261       577.2224
         747      -186.2035       581.1213
         748       235.0890       585.0467
         749       766.6352       588.9878
         750      -200.0085       592.9490
         751      -554.5942       596.9405
         752      -245.0989       600.9547
         753       293.1904       604.9942
         754        37.1257       609.0536
         755      -339.8847       613.1333
         756       584.5084       617.2378
         757        65.5164       621.3731
         758      -213.7383       625.5316
         759       761.3551       629.7113
         760      -650.1904       633.9198
         761       842.8834       638.1494
         762      -260.8354       642.3972
         763       459.9574       646.6758
         764       285.6207       650.9847
         765      -227.0174       655.2981
         766       555.7593       659.6614
         767      1718.5420       664.0403
         768      -138.5041       668.4351
         769      -551.5803       672.8574
         770       584.0910       677.3150
         771      -501.0783       681.7811
         772       756.6014       686.2795
         773      -377.0867       690.8059
         774       426.4313       695.3570
         775       300.6186       699.9235
         776       139.9948       704.5226
         777      1576.9190       709.1533
         778     -1642.1460       713.7984
         779       151.6535       718.4706
         780       163.8846       723.1707
         781     -1520.5610       727.9019
         782      -742.9693       732.6525
         783      -490.7187       737.4311
         784       109.1316       742.2376
         785       754.6454       747.0645
         786      -512.1810       751.9185
         787       384.5593       756.7964
         788      -128.7217       761.7014
         789       -11.1177       766.6462
         790      -694.5839       771.5996
         791      -630.0287       776.5794
         792      -342.2876       781.5921
         793      -257.4783       786.6372
         794      -316.2571       791.6971
         795      -505.8741       796.7823
         796      -529.9898       801.8977
         797      -810.0706       807.0435
         798      -361.3148       812.2064
         799      -587.1636       817.4092
         800      -633.1805       822.6306
         801       -72.3940       827.8839
         802       926.8693       833.1703
         803      -314.0992       838.4810
         804      -950.9952       843.8050
         805         7.4862       849.1661
         806       488.8016       854.5622
         807       254.8181       859.9747
         808       212.7532       865.4178
         809      -143.8036       870.8868
         810      1075.0210       876.3844
         811      -878.7122       881.9151
         812       -52.0559       887.4704
         813       587.8333       893.0606
         814        86.9846       898.6635
         815      -265.9095       904.3099
         816      -210.5125       909.9710
         817      -967.4716       915.6721
         818       -23.0233       921.3993
         819      1068.3850       927.1582
         820     -1095.1240       932.9474
         821      1271.0670       938.7694
         822     -1372.6050       944.6127
         823       722.8304       950.4949
         824      1062.4600       956.3887
         825      -920.1525       962.3378
         826       848.5015       968.2998
         827       910.4485       974.3042
         828     -1102.9610       980.3280
         829       517.6863       986.3817
         830      1410.5420       992.4855
         831      -498.7642       998.5993
         832      -520.2154      1004.7505
         833      1354.2240      1010.9460
         834      1136.9980      1017.1658
         835       461.5551      1023.4089
         836       855.6206      1029.6953
         837        31.1386      1036.0167
         838      -154.3273      1042.3630
         839       709.9874      1048.7438
         840      1719.5450      1055.1538
         841     -1143.2740      1061.6038
         842      1207.6190      1068.0929
         843       517.8955      1074.6041
         844      1006.7720      1081.1676
         845     -1082.6070      1087.7399
         846     -1202.7860      1094.3653
         847      1422.4250      1101.0161
         848      1058.8810      1107.7045
         849      -188.0734      1114.4321
         850     -1666.9790      1121.2085
         851      -233.2896      1128.0014
         852       164.8391      1134.8354
         853     -1375.7280      1141.6934
         854     -1871.5410      1148.6268
         855     -1567.6150      1155.5630
         856      1257.2830      1162.5588
         857      1157.1490      1169.5582
         858      -363.8275      1176.6248
         859     -1368.7030      1183.7201
         860        93.0359      1190.8490
         861      -574.3033      1198.0231
         862       390.4937      1205.2470
         863       753.1129      1212.5119
         864       558.2186      1219.7951
         865      -274.2182      1227.1368
         866      -640.6262      1234.5055
         867      1707.7900      1241.9295
         868     -2964.3050      1249.3810
         869       680.5012      1256.8646
         870     -1632.2480      1264.4123
         871      -295.4776      1271.9930
         872     -1210.0040      1279.6074
         873       205.2760      1287.2842
         874       455.1371      1294.9869
         875      1715.3600      1302.7374
         876       649.3579      1310.5334
         877      -157.1632      1318.3598
         878      -209.2717      1326.2490
         879       231.1553      1334.1717
         880       470.6230      1342.1383
         881       683.4899      1350.1533
         882     -2096.1040      1358.2069
         883     -1423.5950      1366.3100
         884      1424.4080      1374.4571
         885     -2707.9500      1382.6524
         886       616.7556      1390.9017
         887       852.0228      1399.1816
         888     -1684.3610      1407.5132
         889      1689.8740      1415.8930
         890      -653.7552      1424.3180
         891       331.2788      1432.7942
         892     -2618.5360      1441.3037
         893      -264.9864      1449.8780
         894      -358.3927      1458.4896
         895     -1981.6270      1467.1528
         896      1903.8750      1475.8745
         897     -1718.3570      1484.6220
         898     -2325.7130      1493.4519
         899       779.3574      1502.3007
         900       665.1117      1511.2046
         901     -1460.4270      1520.1722
         902      -337.0504      1529.1800
         903      -455.1657      1538.2477
         904       -18.8684      1547.3574
         905       594.2380      1556.5048
         906     -1222.4820      1565.7412
         907       456.3606      1575.0132
         908      -703.1292      1584.3212
         909       -63.3213      1593.6950
         910     -1073.3670      1603.1164
         911       261.8652      1612.5870
         912     -2468.0020      1622.1344
         913       -25.5958      1631.7130
         914       463.6597      1641.3675
         915       827.7260      1651.0497
         916     -1307.5440      1660.8003
         917      1849.1920      1670.6172
         918       877.1821      1680.4828
         919      -820.8730      1690.4055
         920      2592.2310      1700.3653
         921     -3341.4340      1710.4039
         922     -2888.7130      1720.4947
         923       796.8870      1730.6545
         924      -963.9202      1740.8604
         925     -1689.3890      1751.1351
         926      1913.1930      1761.4458
         927       325.2827      1771.8308
         928      -830.9348      1782.2805
         929       446.8426      1792.8034
         930      -104.3452      1803.3584
         931     -1299.7970      1813.9952
         932      1644.2310      1824.6878
         933     -1005.4210      1835.4449
         934      -609.1367      1846.2594
         935      -431.2224      1857.1493
         936     -1617.7510      1868.1002
         937     -2704.1040      1879.1027
         938       706.1639      1890.1862
         939       474.7307      1901.3256
         940      1130.6550      1912.5231
         941      -629.6271      1923.8095
         942      1563.1450      1935.1637
         943       814.3322      1946.5795
         944      -969.3412      1958.0643
         945      -808.1213      1969.5880
         946     -1304.6400      1981.2253
         947      -333.0548      1992.9092
         948        68.1214      2004.6685
         949      2070.1540      2016.4788
         950     -1504.2080      2028.3888
         951     -2274.1040      2040.3623
         952      1107.4260      2052.4334
         953       346.0027      2064.5454
         954      2229.3990      2076.7350
         955     -1454.7100      2088.9971
         956      -878.9844      2101.3484
         957     -2758.5830      2113.7578
         958     -3543.2760      2126.2721
         959      2294.1260      2138.8404
         960     -1357.6660      2151.4580
         961      -542.8671      2164.2692
         962       802.5334      2177.0311
         963      3610.3520      2189.9133
         964     -3554.0080      2202.8636
         965      -263.9457      2215.9398
         966       -13.0464      2229.0661
         967      2719.6350      2242.2461
         968      2279.0730      2255.5489
         969     -2906.4510      2268.9263
         970       700.3764      2282.4204
         971      2166.7730      2295.9889
         972     -1325.2390      2309.5882
         973     -1512.4950      2323.3295
         974      1840.8440      2337.1303
         975      1119.3600      2350.9798
         976     -2284.1120      2364.9654
         977      -511.7067      2378.9962
         978     -3602.5260      2393.1953
         979      3516.2560      2407.4147
         980       497.9691      2421.8023
         981     -1296.3180      2436.2198
         982      1877.6420      2450.7286
         983       995.0151      2465.3517
         984      -763.7962      2480.0263
         985     -2236.8740      2494.8617
         986     -2575.3550      2509.7393
         987      2515.1270      2524.6823
         988      4716.1050      2539.7480
         989      4494.1370      2554.9840
         990      -219.5808      2570.2799
         991     -2204.5690      2585.6272
         992       783.6184      2601.0970
         993      4093.5740      2616.6399
         994     -3960.8560      2632.3392
         995      -200.7945      2648.0921
         996      3124.6190      2663.9928
         997      1976.9090      2679.9652
         998     -4674.4060      2696.0668
         999     -4327.6130      2712.2422
        1000     -3105.4560      2728.5599
